data/TS115_ESM1b.npz
metric_q8: 0.6301097614424569
metric_q3: 0.7647021412849426
