data/TS115_ESM1b.npz
metric_q8: 0.6143638321331569
metric_q3: 0.7575497542108808
