data/TS115_ESM1b.npz
metric_q8: 0.33058206455427264
metric_q3: 0.657352219025294
